0        12441600         1464669751.063589        1464669753.043478
1        12441600         1464669751.074890        1464669753.086957
2        12441600         1464669751.116077        1464669753.130435
3        12441600         1464669751.161249        1464669753.173913
4        12441600         1464669751.203096        1464669753.217391
5        12441600         1464669751.244382        1464669753.260870
6        12441600         1464669751.287987        1464669753.304348
7        12441600         1464669751.330815        1464669753.347826
8        12441600         1464669751.375184        1464669753.391304
9        12441600         1464669751.425255        1464669753.434783
10        12441600         1464669751.465349        1464669753.478261
11        12441600         1464669751.507687        1464669753.521739
12        12441600         1464669751.554864        1464669753.565217
13        12441600         1464669751.596449        1464669753.608696
14        12441600         1464669751.644334        1464669753.652174
15        12441600         1464669751.692738        1464669753.695652
16        12441600         1464669751.731806        1464669753.739130
17        12441600         1464669751.775605        1464669753.782609
18        12441600         1464669751.819155        1464669753.826087
19        12441600         1464669751.858811        1464669753.869565
20        12441600         1464669751.901002        1464669753.913043
21        12441600         1464669751.944871        1464669753.956522
22        12441600         1464669751.987158        1464669754.000000
23        12441600         1464669752.030588        1464669754.043478
24        12441600         1464669752.083503        1464669754.086957
25        12441600         1464669752.123997        1464669754.130435
26        12441600         1464669752.164114        1464669754.173913
27        12441600         1464669752.208035        1464669754.217391
28        12441600         1464669752.258049        1464669754.260870
29        12441600         1464669752.294745        1464669754.304348
30        12441600         1464669752.336530        1464669754.347826
31        12441600         1464669752.379564        1464669754.391304
32        12441600         1464669752.423679        1464669754.434783
33        12441600         1464669752.465717        1464669754.478261
34        12441600         1464669752.510396        1464669754.521739
35        12441600         1464669752.553692        1464669754.565217
36        12441600         1464669752.599491        1464669754.608696
37        12441600         1464669752.641754        1464669754.652174
38        12441600         1464669752.689170        1464669754.695652
39        12441600         1464669752.734145        1464669754.739130
40        12441600         1464669752.777771        1464669754.782609
41        12441600         1464669752.821552        1464669754.826087
42        12441600         1464669752.866230        1464669754.869565
43        12441600         1464669752.909212        1464669754.913043
44        12441600         1464669752.952892        1464669754.956522
45        12441600         1464669752.996341        1464669755.000000
46        12441600         1464669753.040035        1464669755.043478
47        12441600         1464669753.083727        1464669755.086957
48        12441600         1464669753.124890        1464669755.130435
49        12441600         1464669753.170669        1464669755.173913
50        12441600         1464669753.203379        1464669755.217391
51        12441600         1464669753.240509        1464669755.260870
52        12441600         1464669753.268041        1464669755.304348
53        12441600         1464669753.315801        1464669755.347826
54        12441600         1464669753.357925        1464669755.391304
55        12441600         1464669753.402343        1464669755.434783
56        12441600         1464669753.446351        1464669755.478261
57        12441600         1464669753.489085        1464669755.521739
58        12441600         1464669753.534936        1464669755.565217
59        12441600         1464669753.578567        1464669755.608696
60        12441600         1464669753.626255        1464669755.652174
61        12441600         1464669753.663572        1464669755.695652
62        12441600         1464669753.708860        1464669755.739130
63        12441600         1464669753.749841        1464669755.782609
64        12441600         1464669753.790507        1464669755.826087
65        12441600         1464669753.838295        1464669755.869565
66        12441600         1464669753.879789        1464669755.913043
67        12441600         1464669753.923009        1464669755.956522
68        12441600         1464669753.966613        1464669756.000000
69        12441600         1464669754.012119        1464669756.043478
70        12441600         1464669754.054294        1464669756.086957
71        12441600         1464669754.097943        1464669756.130435
72        12441600         1464669754.143511        1464669756.173913
73        12441600         1464669754.189117        1464669756.217391
74        12441600         1464669754.228377        1464669756.260870
75        12441600         1464669754.270945        1464669756.304348
76        12441600         1464669754.311261        1464669756.347826
77        12441600         1464669754.358735        1464669756.391304
78        12441600         1464669754.398689        1464669756.434783
79        12441600         1464669754.444649        1464669756.478261
80        12441600         1464669754.486226        1464669756.521739
81        12441600         1464669754.533393        1464669756.565217
82        12441600         1464669754.574945        1464669756.608696
83        12441600         1464669754.620330        1464669756.652174
84        12441600         1464669754.667351        1464669756.695652
85        12441600         1464669754.703025        1464669756.739130
86        12441600         1464669754.750978        1464669756.782609
87        12441600         1464669754.789716        1464669756.826087
88        12441600         1464669754.834562        1464669756.869565
89        12441600         1464669754.878920        1464669756.913043
90        12441600         1464669754.924148        1464669756.956522
91        12441600         1464669754.965881        1464669757.000000
92        12441600         1464669755.007617        1464669757.043478
93        12441600         1464669755.052835        1464669757.086957
94        12441600         1464669755.099681        1464669757.130435
95        12441600         1464669755.140076        1464669757.173913
96        12441600         1464669755.182481        1464669757.217391
97        12441600         1464669755.226312        1464669757.260870
98        12441600         1464669755.269798        1464669757.304348
99        12441600         1464669755.313846        1464669757.347826
100        12441600         1464669755.356890        1464669757.391304
101        12441600         1464669755.402036        1464669757.434783
102        12441600         1464669755.448209        1464669757.478261
103        12441600         1464669755.490136        1464669757.521739
104        12441600         1464669755.530716        1464669757.565217
105        12441600         1464669755.573636        1464669757.608696
106        12441600         1464669755.621561        1464669757.652174
107        12441600         1464669755.662961        1464669757.695652
108        12441600         1464669755.707533        1464669757.739130
109        12441600         1464669755.750798        1464669757.782609
110        12441600         1464669755.791328        1464669757.826087
111        12441600         1464669755.835853        1464669757.869565
112        12441600         1464669755.879110        1464669757.913043
113        12441600         1464669755.928513        1464669757.956522
114        12441600         1464669755.968254        1464669758.000000
115        12441600         1464669756.014720        1464669758.043478
116        12441600         1464669756.053864        1464669758.086957
117        12441600         1464669756.103695        1464669758.130435
118        12441600         1464669756.141767        1464669758.173913
119        12441600         1464669756.190357        1464669758.217391
120        12441600         1464669756.228934        1464669758.260870
121        12441600         1464669756.273871        1464669758.304348
122        12441600         1464669756.317281        1464669758.347826
123        12441600         1464669756.358661        1464669758.391304
124        12441600         1464669756.407612        1464669758.434783
125        12441600         1464669756.446498        1464669758.478261
126        12441600         1464669756.494545        1464669758.521739
127        12441600         1464669756.535815        1464669758.565217
128        12441600         1464669756.577678        1464669758.608696
129        12441600         1464669756.618753        1464669758.652174
130        12441600         1464669756.664934        1464669758.695652
131        12441600         1464669756.705266        1464669758.739130
132        12441600         1464669756.747755        1464669758.782609
133        12441600         1464669756.792344        1464669758.826087
134        12441600         1464669756.835822        1464669758.869565
135        12441600         1464669756.878180        1464669758.913043
136        12441600         1464669756.923950        1464669758.956522
137        12441600         1464669756.968685        1464669759.000000
138        12441600         1464669757.012393        1464669759.043478
139        12441600         1464669757.057269        1464669759.086957
140        12441600         1464669757.099268        1464669759.130435
141        12441600         1464669757.138988        1464669759.173913
142        12441600         1464669757.186708        1464669759.217391
143        12441600         1464669757.227227        1464669759.260870
144        12441600         1464669757.269515        1464669759.304348
145        12441600         1464669757.312842        1464669759.347826
146        12441600         1464669757.359259        1464669759.391304
147        12441600         1464669757.402566        1464669759.434783
148        12441600         1464669757.443614        1464669759.478261
149        12441600         1464669757.491625        1464669759.521739
150        12441600         1464669757.532145        1464669759.565217
151        12441600         1464669757.575301        1464669759.608696
152        12441600         1464669757.621646        1464669759.652174
153        12441600         1464669757.661013        1464669759.695652
154        12441600         1464669757.705523        1464669759.739130
155        12441600         1464669757.748278        1464669759.782609
156        12441600         1464669757.792062        1464669759.826087
157        12441600         1464669757.835144        1464669759.869565
158        12441600         1464669757.879484        1464669759.913043
159        12441600         1464669757.922316        1464669759.956522
160        12441600         1464669757.969858        1464669760.000000
161        12441600         1464669758.010715        1464669760.043478
162        12441600         1464669758.053612        1464669760.086957
163        12441600         1464669758.100320        1464669760.130435
164        12441600         1464669758.142330        1464669760.173913
165        12441600         1464669758.189392        1464669760.217391
166        12441600         1464669758.231577        1464669760.260870
167        12441600         1464669758.274405        1464669760.304348
168        12441600         1464669758.314936        1464669760.347826
169        12441600         1464669758.358122        1464669760.391304
170        12441600         1464669758.405394        1464669760.434783
171        12441600         1464669758.448226        1464669760.478261
172        12441600         1464669758.487759        1464669760.521739
173        12441600         1464669758.537471        1464669760.565217
174        12441600         1464669758.576187        1464669760.608696
175        12441600         1464669758.622972        1464669760.652174
176        12441600         1464669758.665803        1464669760.695652
177        12441600         1464669758.705541        1464669760.739130
178        12441600         1464669758.749362        1464669760.782609
179        12441600         1464669758.795913        1464669760.826087
180        12441600         1464669758.838546        1464669760.869565
181        12441600         1464669758.882976        1464669760.913043
182        12441600         1464669758.929633        1464669760.956522
183        12441600         1464669758.973563        1464669761.000000
184        12441600         1464669759.016444        1464669761.043478
185        12441600         1464669759.056147        1464669761.086957
186        12441600         1464669759.097162        1464669761.130435
187        12441600         1464669759.147961        1464669761.173913
188        12441600         1464669759.195372        1464669761.217391
189        12441600         1464669759.227093        1464669761.260870
190        12441600         1464669759.272763        1464669761.304348
191        12441600         1464669759.316719        1464669761.347826
192        12441600         1464669759.357203        1464669761.391304
193        12441600         1464669759.407870        1464669761.434783
194        12441600         1464669759.446285        1464669761.478261
195        12441600         1464669759.491079        1464669761.521739
196        12441600         1464669759.530845        1464669761.565217
197        12441600         1464669759.575320        1464669761.608696
198        12441600         1464669759.617193        1464669761.652174
199        12441600         1464669759.661824        1464669761.695652
200        12441600         1464669759.712361        1464669761.739130
201        12441600         1464669759.756919        1464669761.782609
202        12441600         1464669759.790918        1464669761.826087
203        12441600         1464669759.835869        1464669761.869565
204        12441600         1464669759.880184        1464669761.913043
205        12441600         1464669759.924643        1464669761.956522
206        12441600         1464669759.973303        1464669762.000000
207        12441600         1464669760.011801        1464669762.043478
208        12441600         1464669760.056471        1464669762.086957
209        12441600         1464669760.100435        1464669762.130435
210        12441600         1464669760.139914        1464669762.173913
211        12441600         1464669760.189555        1464669762.217391
212        12441600         1464669760.231585        1464669762.260870
213        12441600         1464669760.272545        1464669762.304348
214        12441600         1464669760.317537        1464669762.347826
215        12441600         1464669760.355584        1464669762.391304
216        12441600         1464669760.403174        1464669762.434783
217        12441600         1464669760.443941        1464669762.478261
218        12441600         1464669760.490247        1464669762.521739
219        12441600         1464669760.537201        1464669762.565217
220        12441600         1464669760.575924        1464669762.608696
221        12441600         1464669760.619002        1464669762.652174
222        12441600         1464669760.661372        1464669762.695652
223        12441600         1464669760.705596        1464669762.739130
224        12441600         1464669760.747639        1464669762.782609
225        12441600         1464669760.792266        1464669762.826087
226        12441600         1464669760.835038        1464669762.869565
227        12441600         1464669760.881128        1464669762.913043
228        12441600         1464669760.926699        1464669762.956522
229        12441600         1464669760.970002        1464669763.000000
230        12441600         1464669761.010143        1464669763.043478
231        12441600         1464669761.059531        1464669763.086957
232        12441600         1464669761.096720        1464669763.130435
233        12441600         1464669761.141637        1464669763.173913
234        12441600         1464669761.187770        1464669763.217391
235        12441600         1464669761.229898        1464669763.260870
236        12441600         1464669761.274404        1464669763.304348
237        12441600         1464669761.316621        1464669763.347826
238        12441600         1464669761.362273        1464669763.391304
239        12441600         1464669761.403658        1464669763.434783
240        12441600         1464669761.448851        1464669763.478261
241        12441600         1464669761.491133        1464669763.521739
242        12441600         1464669761.532722        1464669763.565217
243        12441600         1464669761.579167        1464669763.608696
244        12441600         1464669761.617659        1464669763.652174
245        12441600         1464669761.663792        1464669763.695652
246        12441600         1464669761.704908        1464669763.739130
247        12441600         1464669761.748715        1464669763.782609
248        12441600         1464669761.792119        1464669763.826087
249        12441600         1464669761.835550        1464669763.869565
250        12441600         1464669761.879787        1464669763.913043
251        12441600         1464669761.922769        1464669763.956522
252        12441600         1464669761.966999        1464669764.000000
253        12441600         1464669762.012690        1464669764.043478
254        12441600         1464669762.055463        1464669764.086957
255        12441600         1464669762.096214        1464669764.130435
256        12441600         1464669762.141968        1464669764.173913
257        12441600         1464669762.187994        1464669764.217391
258        12441600         1464669762.228416        1464669764.260870
259        12441600         1464669762.271245        1464669764.304348
260        12441600         1464669762.313419        1464669764.347826
261        12441600         1464669762.357464        1464669764.391304
262        12441600         1464669762.402779        1464669764.434783
263        12441600         1464669762.448998        1464669764.478261
264        12441600         1464669762.488208        1464669764.521739
265        12441600         1464669762.538792        1464669764.565217
266        12441600         1464669762.576602        1464669764.608696
267        12441600         1464669762.624546        1464669764.652174
268        12441600         1464669762.664356        1464669764.695652
269        12441600         1464669762.707563        1464669764.739130
270        12441600         1464669762.749292        1464669764.782609
271        12441600         1464669762.792964        1464669764.826087
272        12441600         1464669762.834616        1464669764.869565
273        12441600         1464669762.875427        1464669764.913043
274        12441600         1464669762.925397        1464669764.956522
275        12441600         1464669762.967076        1464669765.000000
276        12441600         1464669763.011176        1464669765.043478
277        12441600         1464669763.059122        1464669765.086957
278        12441600         1464669763.100075        1464669765.130435
279        12441600         1464669763.141232        1464669765.173913
280        12441600         1464669763.184819        1464669765.217391
281        12441600         1464669763.235083        1464669765.260870
282        12441600         1464669763.277034        1464669765.304348
283        12441600         1464669763.316469        1464669765.347826
284        12441600         1464669763.359670        1464669765.391304
285        12441600         1464669763.407032        1464669765.434783
286        12441600         1464669763.451670        1464669765.478261
287        12441600         1464669763.489980        1464669765.521739
288        12441600         1464669763.533659        1464669765.565217
289        12441600         1464669763.574983        1464669765.608696
290        12441600         1464669763.617716        1464669765.652174
291        12441600         1464669763.662713        1464669765.695652
292        12441600         1464669763.705751        1464669765.739130
293        12441600         1464669763.747877        1464669765.782609
294        12441600         1464669763.791355        1464669765.826087
295        12441600         1464669763.836621        1464669765.869565
296        12441600         1464669763.883264        1464669765.913043
297        12441600         1464669763.924228        1464669765.956522
298        12441600         1464669763.966477        1464669766.000000
299        12441600         1464669764.008773        1464669766.043478
300        12441600         1464669764.053240        1464669766.086957
301        12441600         1464669764.098520        1464669766.130435
302        12441600         1464669764.140925        1464669766.173913
303        12441600         1464669764.183932        1464669766.217391
304        12441600         1464669764.225676        1464669766.260870
305        12441600         1464669764.270456        1464669766.304348
306        12441600         1464669764.315387        1464669766.347826
307        12441600         1464669764.356878        1464669766.391304
308        12441600         1464669764.401668        1464669766.434783
309        12441600         1464669764.451641        1464669766.478261
310        12441600         1464669764.494883        1464669766.521739
311        12441600         1464669764.533567        1464669766.565217
312        12441600         1464669764.575490        1464669766.608696
313        12441600         1464669764.618204        1464669766.652174
314        12441600         1464669764.665035        1464669766.695652
315        12441600         1464669764.704949        1464669766.739130
316        12441600         1464669764.748526        1464669766.782609
317        12441600         1464669764.792488        1464669766.826087
318        12441600         1464669764.838717        1464669766.869565
319        12441600         1464669764.878586        1464669766.913043
320        12441600         1464669764.928615        1464669766.956522
321        12441600         1464669764.968748        1464669767.000000
322        12441600         1464669765.010247        1464669767.043478
323        12441600         1464669765.052459        1464669767.086957
324        12441600         1464669765.100708        1464669767.130435
325        12441600         1464669765.144078        1464669767.173913
326        12441600         1464669765.185308        1464669767.217391
327        12441600         1464669765.226988        1464669767.260870
328        12441600         1464669765.276923        1464669767.304348
329        12441600         1464669765.314002        1464669767.347826
330        12441600         1464669765.356696        1464669767.391304
331        12441600         1464669765.400545        1464669767.434783
332        12441600         1464669765.443520        1464669767.478261
333        12441600         1464669765.489116        1464669767.521739
334        12441600         1464669765.530924        1464669767.565217
335        12441600         1464669765.575335        1464669767.608696
336        12441600         1464669765.619245        1464669767.652174
337        12441600         1464669765.661451        1464669767.695652
338        12441600         1464669765.704709        1464669767.739130
339        12441600         1464669765.747688        1464669767.782609
340        12441600         1464669765.791658        1464669767.826087
341        12441600         1464669765.841640        1464669767.869565
342        12441600         1464669765.880726        1464669767.913043
343        12441600         1464669765.923048        1464669767.956522
344        12441600         1464669765.970119        1464669768.000000
345        12441600         1464669766.013140        1464669768.043478
346        12441600         1464669766.055981        1464669768.086957
347        12441600         1464669766.096846        1464669768.130435
348        12441600         1464669766.145573        1464669768.173913
349        12441600         1464669766.185195        1464669768.217391
350        12441600         1464669766.227546        1464669768.260870
351        12441600         1464669766.274184        1464669768.304348
352        12441600         1464669766.318234        1464669768.347826
353        12441600         1464669766.357485        1464669768.391304
354        12441600         1464669766.402073        1464669768.434783
355        12441600         1464669766.451601        1464669768.478261
356        12441600         1464669766.492179        1464669768.521739
357        12441600         1464669766.531418        1464669768.565217
358        12441600         1464669766.575031        1464669768.608696
359        12441600         1464669766.618486        1464669768.652174
360        12441600         1464669766.662403        1464669768.695652
361        12441600         1464669766.710141        1464669768.739130
362        12441600         1464669766.751333        1464669768.782609
363        12441600         1464669766.791438        1464669768.826087
364        12441600         1464669766.835535        1464669768.869565
365        12441600         1464669766.878471        1464669768.913043
366        12441600         1464669766.926139        1464669768.956522
367        12441600         1464669766.966986        1464669769.000000
368        12441600         1464669767.014339        1464669769.043478
369        12441600         1464669767.055703        1464669769.086957
370        12441600         1464669767.096787        1464669769.130435
371        12441600         1464669767.139226        1464669769.173913
372        12441600         1464669767.184300        1464669769.217391
373        12441600         1464669767.226600        1464669769.260870
374        12441600         1464669767.271590        1464669769.304348
375        12441600         1464669767.314230        1464669769.347826
376        12441600         1464669767.356590        1464669769.391304
377        12441600         1464669767.401172        1464669769.434783
378        12441600         1464669767.450406        1464669769.478261
379        12441600         1464669767.489310        1464669769.521739
380        12441600         1464669767.537906        1464669769.565217
381        12441600         1464669767.579189        1464669769.608696
382        12441600         1464669767.618641        1464669769.652174
383        12441600         1464669767.666906        1464669769.695652
384        12441600         1464669767.708536        1464669769.739130
385        12441600         1464669767.754565        1464669769.782609
386        12441600         1464669767.792411        1464669769.826087
387        12441600         1464669767.833629        1464669769.869565
388        12441600         1464669767.877327        1464669769.913043
389        12441600         1464669767.922937        1464669769.956522
390        12441600         1464669767.966585        1464669770.000000
391        12441600         1464669768.013796        1464669770.043478
392        12441600         1464669768.052371        1464669770.086957
393        12441600         1464669768.100781        1464669770.130435
394        12441600         1464669768.140887        1464669770.173913
395        12441600         1464669768.182606        1464669770.217391
396        12441600         1464669768.227006        1464669770.260870
397        12441600         1464669768.270386        1464669770.304348
398        12441600         1464669768.313589        1464669770.347826
399        12441600         1464669768.358303        1464669770.391304
400        12441600         1464669768.401661        1464669770.434783
401        12441600         1464669768.444206        1464669770.478261
402        12441600         1464669768.487312        1464669770.521739
403        12441600         1464669768.533801        1464669770.565217
404        12441600         1464669768.577628        1464669770.608696
405        12441600         1464669768.617823        1464669770.652174
406        12441600         1464669768.664936        1464669770.695652
407        12441600         1464669768.709475        1464669770.739130
408        12441600         1464669768.751124        1464669770.782609
409        12441600         1464669768.792673        1464669770.826087
410        12441600         1464669768.835110        1464669770.869565
411        12441600         1464669768.882521        1464669770.913043
412        12441600         1464669768.926868        1464669770.956522
413        12441600         1464669768.967139        1464669771.000000
414        12441600         1464669769.015090        1464669771.043478
415        12441600         1464669769.053790        1464669771.086957
416        12441600         1464669769.103195        1464669771.130435
417        12441600         1464669769.141704        1464669771.173913
418        12441600         1464669769.182071        1464669771.217391
419        12441600         1464669769.225430        1464669771.260870
420        12441600         1464669769.270544        1464669771.304348
421        12441600         1464669769.313808        1464669771.347826
422        12441600         1464669769.358135        1464669771.391304
423        12441600         1464669769.405564        1464669771.434783
424        12441600         1464669769.448470        1464669771.478261
425        12441600         1464669769.487744        1464669771.521739
426        12441600         1464669769.537856        1464669771.565217
427        12441600         1464669769.576325        1464669771.608696
428        12441600         1464669769.619813        1464669771.652174
429        12441600         1464669769.665711        1464669771.695652
430        12441600         1464669769.707105        1464669771.739130
431        12441600         1464669769.748447        1464669771.782609
432        12441600         1464669769.791847        1464669771.826087
433        12441600         1464669769.835695        1464669771.869565
434        12441600         1464669769.878737        1464669771.913043
435        12441600         1464669769.928299        1464669771.956522
436        12441600         1464669769.968431        1464669772.000000
437        12441600         1464669770.015105        1464669772.043478
438        12441600         1464669770.053265        1464669772.086957
439        12441600         1464669770.097577        1464669772.130435
440        12441600         1464669770.144968        1464669772.173913
441        12441600         1464669770.187546        1464669772.217391
442        12441600         1464669770.227416        1464669772.260870
443        12441600         1464669770.269699        1464669772.304348
444        12441600         1464669770.314201        1464669772.347826
445        12441600         1464669770.356941        1464669772.391304
446        12441600         1464669770.399291        1464669772.434783
447        12441600         1464669770.444549        1464669772.478261
448        12441600         1464669770.487309        1464669772.521739
449        12441600         1464669770.538065        1464669772.565217
450        12441600         1464669770.577986        1464669772.608696
451        12441600         1464669770.618467        1464669772.652174
452        12441600         1464669770.663269        1464669772.695652
453        12441600         1464669770.710063        1464669772.739130
454        12441600         1464669770.748459        1464669772.782609
455        12441600         1464669770.798776        1464669772.826087
456        12441600         1464669770.838160        1464669772.869565
457        12441600         1464669770.882016        1464669772.913043
458        12441600         1464669770.926662        1464669772.956522
459        12441600         1464669770.968618        1464669773.000000
460        12441600         1464669771.009986        1464669773.043478
461        12441600         1464669771.056714        1464669773.086957
462        12441600         1464669771.097273        1464669773.130435
463        12441600         1464669771.142311        1464669773.173913
464        12441600         1464669771.189596        1464669773.217391
465        12441600         1464669771.229961        1464669773.260870
466        12441600         1464669771.275170        1464669773.304348
467        12441600         1464669771.314810        1464669773.347826
468        12441600         1464669771.357549        1464669773.391304
469        12441600         1464669771.401864        1464669773.434783
470        12441600         1464669771.444940        1464669773.478261
471        12441600         1464669771.494490        1464669773.521739
472        12441600         1464669771.535702        1464669773.565217
473        12441600         1464669771.578226        1464669773.608696
474        12441600         1464669771.618059        1464669773.652174
475        12441600         1464669771.665132        1464669773.695652
476        12441600         1464669771.704387        1464669773.739130
477        12441600         1464669771.749577        1464669773.782609
478        12441600         1464669771.793014        1464669773.826087
479        12441600         1464669771.836835        1464669773.869565
480        12441600         1464669771.878742        1464669773.913043
481        12441600         1464669771.925333        1464669773.956522
482        12441600         1464669771.970501        1464669774.000000
483        12441600         1464669772.013624        1464669774.043478
484        12441600         1464669772.052950        1464669774.086957
485        12441600         1464669772.103070        1464669774.130435
486        12441600         1464669772.141894        1464669774.173913
487        12441600         1464669772.184457        1464669774.217391
488        12441600         1464669772.227190        1464669774.260870
489        12441600         1464669772.270588        1464669774.304348
490        12441600         1464669772.313585        1464669774.347826
491        12441600         1464669772.356153        1464669774.391304
492        12441600         1464669772.400973        1464669774.434783
493        12441600         1464669772.444243        1464669774.478261
494        12441600         1464669772.486685        1464669774.521739
495        12441600         1464669772.532824        1464669774.565217
496        12441600         1464669772.575687        1464669774.608696
497        12441600         1464669772.620153        1464669774.652174
498        12441600         1464669772.661931        1464669774.695652
499        12441600         1464669772.705323        1464669774.739130
500        12441600         1464669772.747720        1464669774.782609
501        12441600         1464669772.793068        1464669774.826087
502        12441600         1464669772.838787        1464669774.869565
503        12441600         1464669772.879613        1464669774.913043
504        12441600         1464669772.921901        1464669774.956522
505        12441600         1464669772.964099        1464669775.000000
506        12441600         1464669773.008290        1464669775.043478
507        12441600         1464669773.051676        1464669775.086957
508        12441600         1464669773.097119        1464669775.130435
509        12441600         1464669773.139148        1464669775.173913
510        12441600         1464669773.188222        1464669775.217391
511        12441600         1464669773.228969        1464669775.260870
512        12441600         1464669773.272251        1464669775.304348
513        12441600         1464669773.313882        1464669775.347826
514        12441600         1464669773.356395        1464669775.391304
515        12441600         1464669773.399707        1464669775.434783
516        12441600         1464669773.444511        1464669775.478261
517        12441600         1464669773.487443        1464669775.521739
518        12441600         1464669773.534941        1464669775.565217
519        12441600         1464669773.576390        1464669775.608696
520        12441600         1464669773.624023        1464669775.652174
521        12441600         1464669773.664292        1464669775.695652
522        12441600         1464669773.706116        1464669775.739130
523        12441600         1464669773.753431        1464669775.782609
524        12441600         1464669773.793804        1464669775.826087
525        12441600         1464669773.837572        1464669775.869565
526        12441600         1464669773.887008        1464669775.913043
527        12441600         1464669773.924989        1464669775.956522
528        12441600         1464669773.970883        1464669776.000000
529        12441600         1464669774.009003        1464669776.043478
530        12441600         1464669774.052338        1464669776.086957
531        12441600         1464669774.098869        1464669776.130435
532        12441600         1464669774.148514        1464669776.173913
533        12441600         1464669774.185219        1464669776.217391
534        12441600         1464669774.230692        1464669776.260870
535        12441600         1464669774.269146        1464669776.304348
536        12441600         1464669774.313491        1464669776.347826
537        12441600         1464669774.359648        1464669776.391304
538        12441600         1464669774.405057        1464669776.434783
539        12441600         1464669774.444192        1464669776.478261
540        12441600         1464669774.486976        1464669776.521739
541        12441600         1464669774.532191        1464669776.565217
542        12441600         1464669774.575937        1464669776.608696
543        12441600         1464669774.623500        1464669776.652174
544        12441600         1464669774.664056        1464669776.695652
545        12441600         1464669774.706554        1464669776.739130
546        12441600         1464669774.748662        1464669776.782609
547        12441600         1464669774.791458        1464669776.826087
548        12441600         1464669774.836007        1464669776.869565
549        12441600         1464669774.878835        1464669776.913043
550        12441600         1464669774.921874        1464669776.956522
551        12441600         1464669774.966950        1464669777.000000
552        12441600         1464669775.008617        1464669777.043478
553        12441600         1464669775.059308        1464669777.086957
554        12441600         1464669775.097114        1464669777.130435
555        12441600         1464669775.144460        1464669777.173913
556        12441600         1464669775.184460        1464669777.217391
557        12441600         1464669775.231586        1464669777.260870
558        12441600         1464669775.271752        1464669777.304348
559        12441600         1464669775.315971        1464669777.347826
560        12441600         1464669775.360618        1464669777.391304
561        12441600         1464669775.399072        1464669777.434783
562        12441600         1464669775.444472        1464669777.478261
563        12441600         1464669775.488214        1464669777.521739
564        12441600         1464669775.531670        1464669777.565217
565        12441600         1464669775.573812        1464669777.608696
566        12441600         1464669775.618706        1464669777.652174
567        12441600         1464669775.660878        1464669777.695652
568        12441600         1464669775.705967        1464669777.739130
569        12441600         1464669775.748951        1464669777.782609
570        12441600         1464669775.791633        1464669777.826087
571        12441600         1464669775.841639        1464669777.869565
572        12441600         1464669775.880436        1464669777.913043
573        12441600         1464669775.928318        1464669777.956522
574        12441600         1464669775.968493        1464669778.000000
575        12441600         1464669776.010693        1464669778.043478
576        12441600         1464669776.057325        1464669778.086957
577        12441600         1464669776.099717        1464669778.130435
578        12441600         1464669776.143944        1464669778.173913
579        12441600         1464669776.185989        1464669778.217391
580        12441600         1464669776.228654        1464669778.260870
581        12441600         1464669776.276013        1464669778.304348
582        12441600         1464669776.315632        1464669778.347826
583        12441600         1464669776.359456        1464669778.391304
584        12441600         1464669776.401950        1464669778.434783
585        12441600         1464669776.448986        1464669778.478261
586        12441600         1464669776.489823        1464669778.521739
587        12441600         1464669776.537588        1464669778.565217
588        12441600         1464669776.577060        1464669778.608696
589        12441600         1464669776.618792        1464669778.652174
590        12441600         1464669776.662577        1464669778.695652
591        12441600         1464669776.706902        1464669778.739130
592        12441600         1464669776.752034        1464669778.782609
593        12441600         1464669776.792839        1464669778.826087
594        12441600         1464669776.834941        1464669778.869565
595        12441600         1464669776.879380        1464669778.913043
596        12441600         1464669776.924568        1464669778.956522
597        12441600         1464669776.968953        1464669779.000000
598        12441600         1464669777.010560        1464669779.043478
599        12441600         1464669777.052413        1464669779.086957
600        12441600         1464669777.097261        1464669779.130435
601        12441600         1464669777.143969        1464669779.173913
602        12441600         1464669777.186489        1464669779.217391
603        12441600         1464669777.226315        1464669779.260870
604        12441600         1464669777.270023        1464669779.304348
605        12441600         1464669777.313213        1464669779.347826
606        12441600         1464669777.356966        1464669779.391304
607        12441600         1464669777.399954        1464669779.434783
608        12441600         1464669777.443238        1464669779.478261
609        12441600         1464669777.486875        1464669779.521739
610        12441600         1464669777.533549        1464669779.565217
611        12441600         1464669777.574285        1464669779.608696
612        12441600         1464669777.616944        1464669779.652174
613        12441600         1464669777.660920        1464669779.695652
614        12441600         1464669777.705374        1464669779.739130
615        12441600         1464669777.748252        1464669779.782609
616        12441600         1464669777.791647        1464669779.826087
617        12441600         1464669777.836550        1464669779.869565
618        12441600         1464669777.878286        1464669779.913043
619        12441600         1464669777.920694        1464669779.956522
620        12441600         1464669777.966467        1464669780.000000
621        12441600         1464669778.009177        1464669780.043478
622        12441600         1464669778.054919        1464669780.086957
623        12441600         1464669778.100134        1464669780.130435
624        12441600         1464669778.141308        1464669780.173913
625        12441600         1464669778.182454        1464669780.217391
626        12441600         1464669778.227691        1464669780.260870
627        12441600         1464669778.273476        1464669780.304348
628        12441600         1464669778.318861        1464669780.347826
629        12441600         1464669778.362239        1464669780.391304
630        12441600         1464669778.403857        1464669780.434783
631        12441600         1464669778.444528        1464669780.478261
632        12441600         1464669778.492694        1464669780.521739
633        12441600         1464669778.536303        1464669780.565217
634        12441600         1464669778.578397        1464669780.608696
635        12441600         1464669778.618089        1464669780.652174
636        12441600         1464669778.661700        1464669780.695652
637        12441600         1464669778.705119        1464669780.739130
638        12441600         1464669778.747642        1464669780.782609
639        12441600         1464669778.792802        1464669780.826087
640        12441600         1464669778.835657        1464669780.869565
641        12441600         1464669778.879092        1464669780.913043
642        12441600         1464669778.928362        1464669780.956522
643        12441600         1464669778.967866        1464669781.000000
644        12441600         1464669779.011217        1464669781.043478
645        12441600         1464669779.052961        1464669781.086957
646        12441600         1464669779.103291        1464669781.130435
647        12441600         1464669779.141956        1464669781.173913
648        12441600         1464669779.183876        1464669781.217391
649        12441600         1464669779.226068        1464669781.260870
650        12441600         1464669779.272330        1464669781.304348
651        12441600         1464669779.314533        1464669781.347826
652        12441600         1464669779.356698        1464669781.391304
653        12441600         1464669779.402698        1464669781.434783
654        12441600         1464669779.446494        1464669781.478261
655        12441600         1464669779.487904        1464669781.521739
656        12441600         1464669779.531232        1464669781.565217
657        12441600         1464669779.579443        1464669781.608696
658        12441600         1464669779.617388        1464669781.652174
659        12441600         1464669779.664211        1464669781.695652
660        12441600         1464669779.710099        1464669781.739130
661        12441600         1464669779.749207        1464669781.782609
662        12441600         1464669779.797365        1464669781.826087
663        12441600         1464669779.835192        1464669781.869565
664        12441600         1464669779.878473        1464669781.913043
665        12441600         1464669779.922611        1464669781.956522
666        12441600         1464669779.965449        1464669782.000000
667        12441600         1464669780.010761        1464669782.043478
668        12441600         1464669780.053383        1464669782.086957
669        12441600         1464669780.096064        1464669782.130435
670        12441600         1464669780.138825        1464669782.173913
671        12441600         1464669780.182851        1464669782.217391
672        12441600         1464669780.226030        1464669782.260870
673        12441600         1464669780.269725        1464669782.304348
674        12441600         1464669780.315418        1464669782.347826
675        12441600         1464669780.358192        1464669782.391304
676        12441600         1464669780.403647        1464669782.434783
677        12441600         1464669780.443921        1464669782.478261
678        12441600         1464669780.488566        1464669782.521739
679        12441600         1464669780.531257        1464669782.565217
680        12441600         1464669780.575258        1464669782.608696
681        12441600         1464669780.618195        1464669782.652174
682        12441600         1464669780.663260        1464669782.695652
683        12441600         1464669780.709240        1464669782.739130
684        12441600         1464669780.752205        1464669782.782609
685        12441600         1464669780.792549        1464669782.826087
686        12441600         1464669780.835260        1464669782.869565
687        12441600         1464669780.879868        1464669782.913043
688        12441600         1464669780.924859        1464669782.956522
689        12441600         1464669780.970052        1464669783.000000
690        12441600         1464669781.010065        1464669783.043478
691        12441600         1464669781.054794        1464669783.086957
692        12441600         1464669781.104204        1464669783.130435
693        12441600         1464669781.146657        1464669783.173913
694        12441600         1464669781.185553        1464669783.217391
695        12441600         1464669781.229264        1464669783.260870
696        12441600         1464669781.277692        1464669783.304348
697        12441600         1464669781.317920        1464669783.347826
698        12441600         1464669781.361099        1464669783.391304
699        12441600         1464669781.403104        1464669783.434783
700        12441600         1464669781.451165        1464669783.478261
701        12441600         1464669781.491195        1464669783.521739
702        12441600         1464669781.537543        1464669783.565217
703        12441600         1464669781.576218        1464669783.608696
704        12441600         1464669781.618408        1464669783.652174
705        12441600         1464669781.662132        1464669783.695652
706        12441600         1464669781.706465        1464669783.739130
707        12441600         1464669781.748230        1464669783.782609
708        12441600         1464669781.791154        1464669783.826087
709        12441600         1464669781.837714        1464669783.869565
710        12441600         1464669781.882554        1464669783.913043
711        12441600         1464669781.922922        1464669783.956522
712        12441600         1464669781.966462        1464669784.000000
713        12441600         1464669782.008801        1464669784.043478
714        12441600         1464669782.052252        1464669784.086957
715        12441600         1464669782.097064        1464669784.130435
716        12441600         1464669782.142380        1464669784.173913
717        12441600         1464669782.183748        1464669784.217391
718        12441600         1464669782.226851        1464669784.260870
719        12441600         1464669782.269387        1464669784.304348
720        12441600         1464669782.314679        1464669784.347826
721        12441600         1464669782.356980        1464669784.391304
722        12441600         1464669782.401030        1464669784.434783
723        12441600         1464669782.446045        1464669784.478261
724        12441600         1464669782.491509        1464669784.521739
725        12441600         1464669782.531093        1464669784.565217
726        12441600         1464669782.575886        1464669784.608696
727        12441600         1464669782.617681        1464669784.652174
728        12441600         1464669782.661595        1464669784.695652
729        12441600         1464669782.704498        1464669784.739130
730        12441600         1464669782.748335        1464669784.782609
731        12441600         1464669782.792896        1464669784.826087
732        12441600         1464669782.835557        1464669784.869565
733        12441600         1464669782.878600        1464669784.913043
734        12441600         1464669782.922584        1464669784.956522
735        12441600         1464669782.965599        1464669785.000000
736        12441600         1464669783.010814        1464669785.043478
737        12441600         1464669783.052414        1464669785.086957
738        12441600         1464669783.097312        1464669785.130435
739        12441600         1464669783.140842        1464669785.173913
740        12441600         1464669783.185786        1464669785.217391
741        12441600         1464669783.227011        1464669785.260870
742        12441600         1464669783.276297        1464669785.304348
743        12441600         1464669783.316539        1464669785.347826
744        12441600         1464669783.364577        1464669785.391304
745        12441600         1464669783.402872        1464669785.434783
746        12441600         1464669783.449009        1464669785.478261
747        12441600         1464669783.495759        1464669785.521739
748        12441600         1464669783.530209        1464669785.565217
749        12441600         1464669783.573970        1464669785.608696
750        12441600         1464669783.617340        1464669785.652174
751        12441600         1464669783.663833        1464669785.695652
752        12441600         1464669783.704807        1464669785.739130
753        12441600         1464669783.748960        1464669785.782609
754        12441600         1464669783.792565        1464669785.826087
755        12441600         1464669783.837703        1464669785.869565
756        12441600         1464669783.880192        1464669785.913043
757        12441600         1464669783.923804        1464669785.956522
758        12441600         1464669783.965394        1464669786.000000
759        12441600         1464669784.008566        1464669786.043478
760        12441600         1464669784.053707        1464669786.086957
761        12441600         1464669784.096438        1464669786.130435
762        12441600         1464669784.144343        1464669786.173913
763        12441600         1464669784.183149        1464669786.217391
764        12441600         1464669784.227257        1464669786.260870
765        12441600         1464669784.270709        1464669786.304348
766        12441600         1464669784.314034        1464669786.347826
767        12441600         1464669784.360481        1464669786.391304
768        12441600         1464669784.400856        1464669786.434783
769        12441600         1464669784.444873        1464669786.478261
770        12441600         1464669784.493369        1464669786.521739
771        12441600         1464669784.534040        1464669786.565217
772        12441600         1464669784.574447        1464669786.608696
773        12441600         1464669784.620945        1464669786.652174
774        12441600         1464669784.662908        1464669786.695652
775        12441600         1464669784.706094        1464669786.739130
776        12441600         1464669784.747955        1464669786.782609
777        12441600         1464669784.792400        1464669786.826087
778        12441600         1464669784.835818        1464669786.869565
779        12441600         1464669784.878103        1464669786.913043
780        12441600         1464669784.923369        1464669786.956522
781        12441600         1464669784.965471        1464669787.000000
782        12441600         1464669785.009588        1464669787.043478
783        12441600         1464669785.053142        1464669787.086957
784        12441600         1464669785.095653        1464669787.130435
785        12441600         1464669785.140086        1464669787.173913
786        12441600         1464669785.181445        1464669787.217391
787        12441600         1464669785.225777        1464669787.260870
788        12441600         1464669785.272004        1464669787.304348
789        12441600         1464669785.313840        1464669787.347826
790        12441600         1464669785.354720        1464669787.391304
791        12441600         1464669785.399472        1464669787.434783
792        12441600         1464669785.447095        1464669787.478261
793        12441600         1464669785.489210        1464669787.521739
794        12441600         1464669785.532343        1464669787.565217
795        12441600         1464669785.576171        1464669787.608696
796        12441600         1464669785.619858        1464669787.652174
797        12441600         1464669785.661184        1464669787.695652
798        12441600         1464669785.706621        1464669787.739130
799        12441600         1464669785.750314        1464669787.782609
800        12441600         1464669785.792958        1464669787.826087
801        12441600         1464669785.837380        1464669787.869565
802        12441600         1464669785.881704        1464669787.913043
803        12441600         1464669785.924800        1464669787.956522
804        12441600         1464669785.972771        1464669788.000000
805        12441600         1464669786.013984        1464669788.043478
806        12441600         1464669786.053210        1464669788.086957
807        12441600         1464669786.098124        1464669788.130435
808        12441600         1464669786.142086        1464669788.173913
809        12441600         1464669786.189816        1464669788.217391
810        12441600         1464669786.231254        1464669788.260870
811        12441600         1464669786.272212        1464669788.304348
812        12441600         1464669786.315825        1464669788.347826
813        12441600         1464669786.363209        1464669788.391304
814        12441600         1464669786.404082        1464669788.434783
815        12441600         1464669786.445465        1464669788.478261
816        12441600         1464669786.495868        1464669788.521739
817        12441600         1464669786.536965        1464669788.565217
818        12441600         1464669786.576490        1464669788.608696
819        12441600         1464669786.623495        1464669788.652174
820        12441600         1464669786.664793        1464669788.695652
821        12441600         1464669786.706364        1464669788.739130
822        12441600         1464669786.749331        1464669788.782609
823        12441600         1464669786.790774        1464669788.826087
824        12441600         1464669786.836990        1464669788.869565
825        12441600         1464669786.880952        1464669788.913043
826        12441600         1464669786.924027        1464669788.956522
827        12441600         1464669786.966827        1464669789.000000
828        12441600         1464669787.012366        1464669789.043478
829        12441600         1464669787.054365        1464669789.086957
830        12441600         1464669787.094248        1464669789.130435
831        12441600         1464669787.140316        1464669789.173913
832        12441600         1464669787.184614        1464669789.217391
833        12441600         1464669787.228458        1464669789.260870
834        12441600         1464669787.276768        1464669789.304348
835        12441600         1464669787.314776        1464669789.347826
836        12441600         1464669787.357436        1464669789.391304
837        12441600         1464669787.400231        1464669789.434783
838        12441600         1464669787.443455        1464669789.478261
839        12441600         1464669787.489424        1464669789.521739
840        12441600         1464669787.533957        1464669789.565217
841        12441600         1464669787.576422        1464669789.608696
842        12441600         1464669787.620086        1464669789.652174
843        12441600         1464669787.660161        1464669789.695652
844        12441600         1464669787.707022        1464669789.739130
845        12441600         1464669787.746749        1464669789.782609
846        12441600         1464669787.794194        1464669789.826087
847        12441600         1464669787.835903        1464669789.869565
848        12441600         1464669787.879223        1464669789.913043
849        12441600         1464669787.920667        1464669789.956522
850        12441600         1464669787.964549        1464669790.000000
851        12441600         1464669788.012604        1464669790.043478
852        12441600         1464669788.053429        1464669790.086957
853        12441600         1464669788.099431        1464669790.130435
854        12441600         1464669788.140287        1464669790.173913
855        12441600         1464669788.184307        1464669790.217391
856        12441600         1464669788.227203        1464669790.260870
857        12441600         1464669788.271061        1464669790.304348
858        12441600         1464669788.318521        1464669790.347826
859        12441600         1464669788.357684        1464669790.391304
860        12441600         1464669788.401072        1464669790.434783
861        12441600         1464669788.448366        1464669790.478261
862        12441600         1464669788.490829        1464669790.521739
863        12441600         1464669788.531821        1464669790.565217
864        12441600         1464669788.574875        1464669790.608696
865        12441600         1464669788.617415        1464669790.652174
866        12441600         1464669788.662488        1464669790.695652
867        12441600         1464669788.709979        1464669790.739130
868        12441600         1464669788.752455        1464669790.782609
869        12441600         1464669788.792094        1464669790.826087
870        12441600         1464669788.842069        1464669790.869565
871        12441600         1464669788.882515        1464669790.913043
872        12441600         1464669788.922129        1464669790.956522
873        12441600         1464669788.966698        1464669791.000000
874        12441600         1464669789.012022        1464669791.043478
875        12441600         1464669789.053367        1464669791.086957
876        12441600         1464669789.100202        1464669791.130435
877        12441600         1464669789.141637        1464669791.173913
878        12441600         1464669789.188238        1464669791.217391
879        12441600         1464669789.228096        1464669791.260870
880        12441600         1464669789.270725        1464669791.304348
881        12441600         1464669789.315273        1464669791.347826
882        12441600         1464669789.356259        1464669791.391304
883        12441600         1464669789.400766        1464669791.434783
884        12441600         1464669789.443180        1464669791.478261
885        12441600         1464669789.488332        1464669791.521739
886        12441600         1464669789.534762        1464669791.565217
887        12441600         1464669789.577953        1464669791.608696
888        12441600         1464669789.618652        1464669791.652174
889        12441600         1464669789.662247        1464669791.695652
890        12441600         1464669789.707475        1464669791.739130
891        12441600         1464669789.747899        1464669791.782609
892        12441600         1464669789.792072        1464669791.826087
893        12441600         1464669789.835106        1464669791.869565
894        12441600         1464669789.878752        1464669791.913043
895        12441600         1464669789.921771        1464669791.956522
896        12441600         1464669789.971179        1464669792.000000
897        12441600         1464669790.014567        1464669792.043478
898        12441600         1464669790.053477        1464669792.086957
899        12441600         1464669790.099302        1464669792.130435
900        12441600         1464669790.141102        1464669792.173913
901        12441600         1464669790.185867        1464669792.217391
902        12441600         1464669790.227153        1464669792.260870
903        12441600         1464669790.276027        1464669792.304348
904        12441600         1464669790.312376        1464669792.347826
905        12441600         1464669790.356494        1464669792.391304
906        12441600         1464669790.398961        1464669792.434783
907        12441600         1464669790.442282        1464669792.478261
908        12441600         1464669790.489048        1464669792.521739
909        12441600         1464669790.532654        1464669792.565217
910        12441600         1464669790.574697        1464669792.608696
911        12441600         1464669790.617311        1464669792.652174
912        12441600         1464669790.663077        1464669792.695652
913        12441600         1464669790.712501        1464669792.739130
914        12441600         1464669790.749547        1464669792.782609
915        12441600         1464669790.791456        1464669792.826087
916        12441600         1464669790.837081        1464669792.869565
917        12441600         1464669790.886821        1464669792.913043
918        12441600         1464669790.928490        1464669792.956522
919        12441600         1464669790.967524        1464669793.000000
920        12441600         1464669791.009772        1464669793.043478
921        12441600         1464669791.053375        1464669793.086957
922        12441600         1464669791.096130        1464669793.130435
923        12441600         1464669791.140220        1464669793.173913
924        12441600         1464669791.187227        1464669793.217391
925        12441600         1464669791.231299        1464669793.260870
926        12441600         1464669791.274558        1464669793.304348
927        12441600         1464669791.313837        1464669793.347826
928        12441600         1464669791.357248        1464669793.391304
929        12441600         1464669791.400762        1464669793.434783
930        12441600         1464669791.443336        1464669793.478261
931        12441600         1464669791.487987        1464669793.521739
932        12441600         1464669791.531364        1464669793.565217
933        12441600         1464669791.577781        1464669793.608696
934        12441600         1464669791.618498        1464669793.652174
935        12441600         1464669791.661694        1464669793.695652
936        12441600         1464669791.705163        1464669793.739130
937        12441600         1464669791.748669        1464669793.782609
938        12441600         1464669791.798041        1464669793.826087
939        12441600         1464669791.835407        1464669793.869565
940        12441600         1464669791.879680        1464669793.913043
941        12441600         1464669791.923218        1464669793.956522
942        12441600         1464669791.964590        1464669794.000000
943        12441600         1464669792.010232        1464669794.043478
944        12441600         1464669792.052910        1464669794.086957
945        12441600         1464669792.100807        1464669794.130435
946        12441600         1464669792.139778        1464669794.173913
947        12441600         1464669792.190378        1464669794.217391
948        12441600         1464669792.234444        1464669794.260870
949        12441600         1464669792.272843        1464669794.304348
950        12441600         1464669792.313904        1464669794.347826
951        12441600         1464669792.356759        1464669794.391304
952        12441600         1464669792.406303        1464669794.434783
953        12441600         1464669792.443000        1464669794.478261
954        12441600         1464669792.487761        1464669794.521739
955        12441600         1464669792.530289        1464669794.565217
956        12441600         1464669792.574298        1464669794.608696
957        12441600         1464669792.618346        1464669794.652174
958        12441600         1464669792.665542        1464669794.695652
959        12441600         1464669792.707098        1464669794.739130
960        12441600         1464669792.747879        1464669794.782609
961        12441600         1464669792.798781        1464669794.826087
962        12441600         1464669792.840030        1464669794.869565
963        12441600         1464669792.879024        1464669794.913043
964        12441600         1464669792.921507        1464669794.956522
965        12441600         1464669792.964953        1464669795.000000
966        12441600         1464669793.009965        1464669795.043478
967        12441600         1464669793.053456        1464669795.086957
968        12441600         1464669793.097953        1464669795.130435
969        12441600         1464669793.139359        1464669795.173913
970        12441600         1464669793.184018        1464669795.217391
971        12441600         1464669793.233240        1464669795.260870
972        12441600         1464669793.276924        1464669795.304348
973        12441600         1464669793.314872        1464669795.347826
974        12441600         1464669793.361596        1464669795.391304
975        12441600         1464669793.403658        1464669795.434783
976        12441600         1464669793.448740        1464669795.478261
977        12441600         1464669793.487725        1464669795.521739
978        12441600         1464669793.531250        1464669795.565217
979        12441600         1464669793.574248        1464669795.608696
980        12441600         1464669793.618649        1464669795.652174
981        12441600         1464669793.664772        1464669795.695652
982        12441600         1464669793.707436        1464669795.739130
983        12441600         1464669793.750064        1464669795.782609
984        12441600         1464669793.795799        1464669795.826087
985        12441600         1464669793.835108        1464669795.869565
986        12441600         1464669793.878725        1464669795.913043
987        12441600         1464669793.922149        1464669795.956522
988        12441600         1464669793.971726        1464669796.000000
989        12441600         1464669794.011940        1464669796.043478
990        12441600         1464669794.054109        1464669796.086957
991        12441600         1464669794.101450        1464669796.130435
992        12441600         1464669794.143979        1464669796.173913
993        12441600         1464669794.183759        1464669796.217391
994        12441600         1464669794.227190        1464669796.260870
995        12441600         1464669794.271000        1464669796.304348
996        12441600         1464669794.315315        1464669796.347826
997        12441600         1464669794.356526        1464669796.391304
998        12441600         1464669794.401772        1464669796.434783
999        12441600         1464669794.443511        1464669796.478261
1000        12441600         1464669794.490759        1464669796.521739
1001        12441600         1464669794.531222        1464669796.565217
1002        12441600         1464669794.573775        1464669796.608696
1003        12441600         1464669794.619085        1464669796.652174
1004        12441600         1464669794.661461        1464669796.695652
1005        12441600         1464669794.705435        1464669796.739130
1006        12441600         1464669794.748249        1464669796.782609
1007        12441600         1464669794.792596        1464669796.826087
1008        12441600         1464669794.834902        1464669796.869565
1009        12441600         1464669794.880016        1464669796.913043
1010        12441600         1464669794.923101        1464669796.956522
1011        12441600         1464669794.965491        1464669797.000000
1012        12441600         1464669795.009924        1464669797.043478
1013        12441600         1464669795.052341        1464669797.086957
1014        12441600         1464669795.096903        1464669797.130435
1015        12441600         1464669795.145117        1464669797.173913
1016        12441600         1464669795.187465        1464669797.217391
1017        12441600         1464669795.227944        1464669797.260870
1018        12441600         1464669795.271971        1464669797.304348
1019        12441600         1464669795.317327        1464669797.347826
1020        12441600         1464669795.358981        1464669797.391304
1021        12441600         1464669795.400336        1464669797.434783
1022        12441600         1464669795.443616        1464669797.478261
1023        12441600         1464669795.487443        1464669797.521739
1024        12441600         1464669795.530296        1464669797.565217
1025        12441600         1464669795.571379        1464669797.608696
1026        12441600         1464669795.618229        1464669797.652174
1027        12441600         1464669795.660606        1464669797.695652
1028        12441600         1464669795.706287        1464669797.739130
1029        12441600         1464669795.747676        1464669797.782609
1030        12441600         1464669795.792057        1464669797.826087
1031        12441600         1464669795.834807        1464669797.869565
1032        12441600         1464669795.879117        1464669797.913043
1033        12441600         1464669795.922332        1464669797.956522
1034        12441600         1464669795.972041        1464669798.000000
1035        12441600         1464669796.011843        1464669798.043478
1036        12441600         1464669796.054024        1464669798.086957
1037        12441600         1464669796.101060        1464669798.130435
1038        12441600         1464669796.143873        1464669798.173913
1039        12441600         1464669796.184002        1464669798.217391
1040        12441600         1464669796.232298        1464669798.260870
1041        12441600         1464669796.277112        1464669798.304348
1042        12441600         1464669796.314449        1464669798.347826
1043        12441600         1464669796.358534        1464669798.391304
1044        12441600         1464669796.407733        1464669798.434783
1045        12441600         1464669796.451304        1464669798.478261
1046        12441600         1464669796.488900        1464669798.521739
1047        12441600         1464669796.537809        1464669798.565217
1048        12441600         1464669796.576671        1464669798.608696
1049        12441600         1464669796.617679        1464669798.652174
1050        12441600         1464669796.661637        1464669798.695652
1051        12441600         1464669796.704979        1464669798.739130
1052        12441600         1464669796.747916        1464669798.782609
1053        12441600         1464669796.795257        1464669798.826087
1054        12441600         1464669796.837457        1464669798.869565
1055        12441600         1464669796.878510        1464669798.913043
1056        12441600         1464669796.922332        1464669798.956522
1057        12441600         1464669796.966185        1464669799.000000
1058        12441600         1464669797.014661        1464669799.043478
1059        12441600         1464669797.053112        1464669799.086957
1060        12441600         1464669797.103636        1464669799.130435
1061        12441600         1464669797.141929        1464669799.173913
1062        12441600         1464669797.189656        1464669799.217391
1063        12441600         1464669797.228191        1464669799.260870
1064        12441600         1464669797.276961        1464669799.304348
1065        12441600         1464669797.314750        1464669799.347826
1066        12441600         1464669797.355807        1464669799.391304
1067        12441600         1464669797.400298        1464669799.434783
1068        12441600         1464669797.445154        1464669799.478261
1069        12441600         1464669797.491419        1464669799.521739
1070        12441600         1464669797.534003        1464669799.565217
1071        12441600         1464669797.573798        1464669799.608696
1072        12441600         1464669797.622305        1464669799.652174
1073        12441600         1464669797.661775        1464669799.695652
1074        12441600         1464669797.705023        1464669799.739130
1075        12441600         1464669797.747541        1464669799.782609
1076        12441600         1464669797.791661        1464669799.826087
1077        12441600         1464669797.833371        1464669799.869565
1078        12441600         1464669797.881227        1464669799.913043
1079        12441600         1464669797.925225        1464669799.956522
1080        12441600         1464669797.966773        1464669800.000000
1081        12441600         1464669798.007688        1464669800.043478
1082        12441600         1464669798.055380        1464669800.086957
1083        12441600         1464669798.096615        1464669800.130435
1084        12441600         1464669798.141318        1464669800.173913
1085        12441600         1464669798.184760        1464669800.217391
1086        12441600         1464669798.230754        1464669800.260870
1087        12441600         1464669798.271797        1464669800.304348
1088        12441600         1464669798.317023        1464669800.347826
1089        12441600         1464669798.361124        1464669800.391304
1090        12441600         1464669798.407365        1464669800.434783
1091        12441600         1464669798.451534        1464669800.478261
1092        12441600         1464669798.492564        1464669800.521739
1093        12441600         1464669798.535636        1464669800.565217
1094        12441600         1464669798.576454        1464669800.608696
1095        12441600         1464669798.619156        1464669800.652174
1096        12441600         1464669798.662543        1464669800.695652
1097        12441600         1464669798.704248        1464669800.739130
1098        12441600         1464669798.749966        1464669800.782609
1099        12441600         1464669798.793252        1464669800.826087
1100        12441600         1464669798.843660        1464669800.869565
1101        12441600         1464669798.883493        1464669800.913043
1102        12441600         1464669798.925864        1464669800.956522
1103        12441600         1464669798.973701        1464669801.000000
1104        12441600         1464669799.013798        1464669801.043478
1105        12441600         1464669799.054504        1464669801.086957
1106        12441600         1464669799.097783        1464669801.130435
1107        12441600         1464669799.142300        1464669801.173913
1108        12441600         1464669799.190577        1464669801.217391
1109        12441600         1464669799.230273        1464669801.260870
1110        12441600         1464669799.272270        1464669801.304348
1111        12441600         1464669799.313290        1464669801.347826
1112        12441600         1464669799.358659        1464669801.391304
1113        12441600         1464669799.401878        1464669801.434783
1114        12441600         1464669799.446450        1464669801.478261
1115        12441600         1464669799.489033        1464669801.521739
1116        12441600         1464669799.539567        1464669801.565217
1117        12441600         1464669799.578205        1464669801.608696
1118        12441600         1464669799.618911        1464669801.652174
1119        12441600         1464669799.662990        1464669801.695652
1120        12441600         1464669799.713936        1464669801.739130
1121        12441600         1464669799.751197        1464669801.782609
1122        12441600         1464669799.789070        1464669801.826087
1123        12441600         1464669799.834231        1464669801.869565
1124        12441600         1464669799.879123        1464669801.913043
1125        12441600         1464669799.922835        1464669801.956522
1126        12441600         1464669799.968149        1464669802.000000
1127        12441600         1464669800.011082        1464669802.043478
1128        12441600         1464669800.054820        1464669802.086957
1129        12441600         1464669800.097342        1464669802.130435
1130        12441600         1464669800.141919        1464669802.173913
1131        12441600         1464669800.186428        1464669802.217391
1132        12441600         1464669800.230453        1464669802.260870
1133        12441600         1464669800.273664        1464669802.304348
1134        12441600         1464669800.316923        1464669802.347826
1135        12441600         1464669800.357648        1464669802.391304
1136        12441600         1464669800.402653        1464669802.434783
1137        12441600         1464669800.443896        1464669802.478261
1138        12441600         1464669800.489325        1464669802.521739
1139        12441600         1464669800.532532        1464669802.565217
1140        12441600         1464669800.574106        1464669802.608696
1141        12441600         1464669800.619009        1464669802.652174
1142        12441600         1464669800.670398        1464669802.695652
1143        12441600         1464669800.706260        1464669802.739130
1144        12441600         1464669800.747802        1464669802.782609
1145        12441600         1464669800.790504        1464669802.826087
1146        12441600         1464669800.841661        1464669802.869565
1147        12441600         1464669800.877515        1464669802.913043
1148        12441600         1464669800.921527        1464669802.956522
1149        12441600         1464669800.965393        1464669803.000000
1150        12441600         1464669801.010323        1464669803.043478
1151        12441600         1464669801.052622        1464669803.086957
1152        12441600         1464669801.100691        1464669803.130435
1153        12441600         1464669801.143765        1464669803.173913
1154        12441600         1464669801.187979        1464669803.217391
1155        12441600         1464669801.231966        1464669803.260870
1156        12441600         1464669801.272018        1464669803.304348
1157        12441600         1464669801.317894        1464669803.347826
1158        12441600         1464669801.356803        1464669803.391304
1159        12441600         1464669801.403352        1464669803.434783
1160        12441600         1464669801.448442        1464669803.478261
1161        12441600         1464669801.491116        1464669803.521739
1162        12441600         1464669801.532955        1464669803.565217
1163        12441600         1464669801.574146        1464669803.608696
1164        12441600         1464669801.621203        1464669803.652174
1165        12441600         1464669801.663291        1464669803.695652
1166        12441600         1464669801.706594        1464669803.739130
1167        12441600         1464669801.749006        1464669803.782609
1168        12441600         1464669801.791558        1464669803.826087
1169        12441600         1464669801.834782        1464669803.869565
1170        12441600         1464669801.897119        1464669803.913043
1171        12441600         1464669801.922653        1464669803.956522
1172        12441600         1464669801.965116        1464669804.000000
1173        12441600         1464669802.010240        1464669804.043478
1174        12441600         1464669802.053338        1464669804.086957
1175        12441600         1464669802.098095        1464669804.130435
1176        12441600         1464669802.144657        1464669804.173913
1177        12441600         1464669802.186539        1464669804.217391
1178        12441600         1464669802.227230        1464669804.260870
1179        12441600         1464669802.270496        1464669804.304348
1180        12441600         1464669802.312030        1464669804.347826
1181        12441600         1464669802.357492        1464669804.391304
1182        12441600         1464669802.399997        1464669804.434783
1183        12441600         1464669802.443423        1464669804.478261
1184        12441600         1464669802.489032        1464669804.521739
1185        12441600         1464669802.534344        1464669804.565217
1186        12441600         1464669802.574665        1464669804.608696
1187        12441600         1464669802.621246        1464669804.652174
1188        12441600         1464669802.664468        1464669804.695652
1189        12441600         1464669802.711310        1464669804.739130
1190        12441600         1464669802.749643        1464669804.782609
1191        12441600         1464669802.799263        1464669804.826087
1192        12441600         1464669802.835931        1464669804.869565
1193        12441600         1464669802.878990        1464669804.913043
1194        12441600         1464669802.919225        1464669804.956522
1195        12441600         1464669802.966052        1464669805.000000
1196        12441600         1464669803.008814        1464669805.043478
1197        12441600         1464669803.053161        1464669805.086957
1198        12441600         1464669803.096399        1464669805.130435
1199        12441600         1464669803.145707        1464669805.173913
1200        12441600         1464669803.185034        1464669805.217391
1201        12441600         1464669803.233423        1464669805.260870
1202        12441600         1464669803.272660        1464669805.304348
1203        12441600         1464669803.316717        1464669805.347826
1204        12441600         1464669803.361234        1464669805.391304
1205        12441600         1464669803.403112        1464669805.434783
1206        12441600         1464669803.448913        1464669805.478261
1207        12441600         1464669803.491907        1464669805.521739
1208        12441600         1464669803.532194        1464669805.565217
1209        12441600         1464669803.579589        1464669805.608696
1210        12441600         1464669803.617769        1464669805.652174
1211        12441600         1464669803.664779        1464669805.695652
1212        12441600         1464669803.708335        1464669805.739130
1213        12441600         1464669803.751288        1464669805.782609
1214        12441600         1464669803.796714        1464669805.826087
1215        12441600         1464669803.840028        1464669805.869565
1216        12441600         1464669803.880077        1464669805.913043
1217        12441600         1464669803.926754        1464669805.956522
1218        12441600         1464669803.968989        1464669806.000000
1219        12441600         1464669804.010596        1464669806.043478
1220        12441600         1464669804.052352        1464669806.086957
1221        12441600         1464669804.100446        1464669806.130435
1222        12441600         1464669804.140973        1464669806.173913
1223        12441600         1464669804.185418        1464669806.217391
1224        12441600         1464669804.225934        1464669806.260870
1225        12441600         1464669804.273910        1464669806.304348
1226        12441600         1464669804.313270        1464669806.347826
1227        12441600         1464669804.357703        1464669806.391304
1228        12441600         1464669804.401120        1464669806.434783
1229        12441600         1464669804.444672        1464669806.478261
1230        12441600         1464669804.492266        1464669806.521739
1231        12441600         1464669804.531637        1464669806.565217
1232        12441600         1464669804.577116        1464669806.608696
1233        12441600         1464669804.618178        1464669806.652174
1234        12441600         1464669804.661744        1464669806.695652
1235        12441600         1464669804.704321        1464669806.739130
1236        12441600         1464669804.748202        1464669806.782609
1237        12441600         1464669804.792248        1464669806.826087
1238        12441600         1464669804.836179        1464669806.869565
1239        12441600         1464669804.879899        1464669806.913043
1240        12441600         1464669804.922892        1464669806.956522
1241        12441600         1464669804.965870        1464669807.000000
1242        12441600         1464669805.009683        1464669807.043478
1243        12441600         1464669805.053728        1464669807.086957
1244        12441600         1464669805.095952        1464669807.130435
1245        12441600         1464669805.141749        1464669807.173913
1246        12441600         1464669805.187152        1464669807.217391
1247        12441600         1464669805.226742        1464669807.260870
1248        12441600         1464669805.272390        1464669807.304348
1249        12441600         1464669805.313070        1464669807.347826
1250        12441600         1464669805.357807        1464669807.391304
1251        12441600         1464669805.403792        1464669807.434783
1252        12441600         1464669805.445268        1464669807.478261
1253        12441600         1464669805.489961        1464669807.521739
1254        12441600         1464669805.537691        1464669807.565217
1255        12441600         1464669805.578798        1464669807.608696
1256        12441600         1464669805.620900        1464669807.652174
1257        12441600         1464669805.663568        1464669807.695652
1258        12441600         1464669805.707355        1464669807.739130
1259        12441600         1464669805.752284        1464669807.782609
1260        12441600         1464669805.793571        1464669807.826087
1261        12441600         1464669805.834190        1464669807.869565
1262        12441600         1464669805.879793        1464669807.913043
1263        12441600         1464669805.924365        1464669807.956522
1264        12441600         1464669805.969288        1464669808.000000
1265        12441600         1464669806.015952        1464669808.043478
1266        12441600         1464669806.055994        1464669808.086957
1267        12441600         1464669806.103061        1464669808.130435
1268        12441600         1464669806.140154        1464669808.173913
1269        12441600         1464669806.186154        1464669808.217391
1270        12441600         1464669806.228573        1464669808.260870
1271        12441600         1464669806.269992        1464669808.304348
